304.104699 
313.006668 
323.614062 
315.805345 
320.577404 
312.347970 
305.953916 
312.593109 
310.202169 
317.906990 
306.255977 
316.657884 
300.681881 
324.405929 
302.594398 
316.756714 
311.353748 
323.740917 
304.470090 
307.327004 
300.694817 
322.345944 
321.352506 
307.676446 
321.984306 
300.033351 
305.177019 
323.969947 
317.655428 
319.091426 
307.211880 
311.422758 
320.029458 
307.230492 
316.964242 
305.143267 
305.657437 
320.870689 
309.354213 
312.934081 
310.312614 
323.723596 
324.430676 
322.618477 
321.166018 
304.792061 
311.902907 
304.272418 
311.201684 
300.220891 
315.790044 
302.987231 
307.165630 
314.951590 
315.752129 
302.365508 
314.339548 
313.279509 
300.848146 
314.659953 
301.690241 
306.212690 
323.730620 
324.941914 
313.371941 
308.849968 
324.886079 
324.026621 
319.254812 
303.761619 
306.044682 
300.015845 
318.417762 
316.789550 
319.492265 
307.687789 
318.528583 
307.951346 
324.813508 
322.530181 
302.154404 
324.160551 
300.255935 
306.447527 
301.580279 
321.754403 
320.172017 
312.396165 
308.372519 
315.362792 
322.170988 
318.462654 
314.591265 
320.157712 
304.972256 
316.339406 
315.258205 
321.024123 
312.759093 
322.744492 
314.802434 
303.157393 
310.999167 
306.594613 
308.142650 
324.242654 
315.514489 
314.417914 
309.701451 
314.360848 
313.786274 
312.169143 
316.551194 
305.023273 
300.639515 
318.032711 
323.947865 
319.454461 
319.131765 
324.504353 
313.074992 
308.985491 
314.008780 
324.441926 
304.506619 
312.360492 
308.188657 
309.792539 
315.975932 
312.036994 
310.463302 
312.151406 
304.847512 
316.727826 
309.986143 
306.744785 
315.469800 
317.827586 
315.086939 
321.442987 
312.292268 
311.274172 
308.753954 
321.855661 
307.134725 
302.807273 
324.308314 
310.904463 
303.180896 
314.222314 
307.601355 
311.305959 
323.445006 
317.881184 
302.856128 
300.341961 
303.196457 
313.528148 
307.526511 
307.841621 
312.100623 
311.489250 
320.663271 
321.029992 
303.614654 
313.054225 
324.563488 
313.180640 
315.779504 
304.498337 
320.857522 
319.771296 
303.246908 
322.303407 
306.687247 
321.622835 
307.980423 
323.081200 
303.958505 
323.917663 
301.000889 
302.966110 
324.272285 
320.385295 
320.672020 
303.605799 
304.689571 
310.919193 
301.109762 
320.576234 
307.436087 
310.881586 
304.442092 
315.408794 
305.108634 
319.978593 
311.717348 
309.805639 
307.333215 
301.575269 
308.558300 
305.655530 
315.416217 
301.497442 
315.241954 
309.854110 
312.246838 
318.976050 
303.970260 
309.850729 
324.515266 
320.558321 
304.873186 
300.045205 
319.719496 
300.260394 
323.444905 
315.600510 
320.587496 
321.890225 
320.989015 
310.827357 
315.117422 
311.599078 
317.615699 
317.060264 
309.404536 
322.171473 
316.108275 
301.720609 
320.122218 
304.118339 
309.664759 
320.659707 
323.005410 
301.946588 
307.120890 
302.599335 
319.894399 
307.755954 
321.970231 
320.140600 
323.436508 
305.083485 
309.731463 
313.985434 
309.168165 
310.427653 
303.515069 
308.449760 
323.443428 
315.519811 
300.567973 
303.835224 
310.015400 
315.194835 
306.635435 
314.488774 
303.871980 
304.328463 
311.931792 
308.617276 
313.501260 
304.073677 
316.875031 
311.839715 
320.262736 
313.096620 
314.186257 
321.520602 
314.621303 
315.116658 
321.749657 
304.430755 
301.741900 
302.901619 
319.414218 
316.452395 
303.699353 
312.598618 
313.846603 
319.526220 
307.696946 
307.398039 
324.342038 
312.704026 
313.894673 
315.611431 
301.915157 
302.017271 
323.470325 
321.755847 
306.511572 
323.047944 
319.555719 
317.165057 
321.869593 
301.810950 
305.010530 
303.213154 
